0.020451784810126585 5.3544303797468325e-06
2.8713924050633235
2.5149367088607777
2.2984810126582684
2.102025316455709
2.055569620253196
1.8091139240506218
0.9426582278481213
0.7962025316456123
0.7097468354430592
0.5132911392405348
0.5468354430379976
0.5103797468354598
0.5239240506329373
0.5474683544303901
0.601012658227873
0.13455696202532147
0.0018987341771775634
0.04164556962026056
0.03518987341775276
0.04873417721523027
0.012278481012657771
0.0041772151898600285
0.029367088607602787
0.04708860759490563
0.006455696202577188
-0.0
0.12645569620248903
0.08291139240505091
0.10936708860757871
0.0958227848101359
0.132278481012639
0.1287341772151715
0.10518987341771868
0.051645569620235865
0.0018987341771703938
0.055443037974695075
0.031012658227844134
0.047468354430375836
0.006075949367091966
0.0496202531645798
0.09316455696205261
0.016708860759509503
0.0
0.0037974683544592103
0.022658227848100964
0.0991139240506117
0.05556962025317358
0.112025316455662
0.23848101265818572
0.1849367088607376
0.14139240506326478
0.10784810126580197
0.13430379746832977
0.11075949367087695
0.14721518987341475
0.18367088607591786
0.16012658227846505
0.11658227848099223
0.0630379746835441
0.029493670886046597
0.18594936708856563
0.27240506329111874
0.38886075949363247
0.41531645569619496
0.37177215189872215
0.38822784810127464
0.41468354430376775
0.37113924050629493
0.3575949367088521
0.42405063291135053
0.47050632911393303
0.4169620253164502
0.3734177215189427
0.4198734177214905
0.3863291139240277
0.4027848101265802
0.4392405063290833
0.40569620253165517
0.39215189873414297
0.33860759493666015
0.29506329113922203
0.2515189873417492
0.2279746835442964
0.2344303797468042
0.260886075949332
0.3773417721518804
0.3537974683543929
0.3002531645569448
0.25670886075947197
0.20316455696202385
0.20962025316453164
0.15607594936704883
0.1125316455696107
0.0889873417721232
0.10544303797467569
0.061898734177202874
0.028354430379728974
0.02481012658227598
0.0012658227847850423
0.03227848101267777
0.03582278481014528
0.010632911392394567
0.012911392405084987
0.016455696202552494
-0.0
0.05354430379748282
0.09708860759495563
0.09063291139241314
0.07417721518986065
0.11772151898736816
0.13126582278484566
0.12481012658230317
0.11835443037976068
0.12189873417722819
0.1254430379746957
0.1689873417722032
0.22253164556965133
0.18607594936711352
0.18962025316458103
0.24316455696206385
0.28670886075950197
0.3202531645569648
0.3437974683544523
0.3073417721519145
0.3008860759494067
0.3444303797468448
0.3579746835443223
0.41151898734180514
0.43506329113925796
0.32860759493675423
0.26215189873418643
0.24569620253166863
0.28924050632910675
0.26278481012661364
0.31632911392409646
0.3398734177215146
0.3534177215190268
0.4069620253164749
0.4405063291139377
0.4140506329114099
0.43759493670886274
0.46113924050635025
0.40468354430379244
0.45822784810127526
0.47177215189875277
0.4953164556962056
0.528860759493703
0.5824050632911512
0.5559493670886234
0.449493670886085
0.4930379746835578
0.4665822784810647
0.5201265822785128
0.503670886075995
0.297215189873426
0.2807594936709082
0.22430379746835039
0.2678481012658232
0.2013924050633248
0.09493670886078637
0.058481012658248566
0.06202531645571607
0.05556962025317358
0.09911392405068109
0.04265822784812329
0.006202531645567193
0.05974683544303361
0.11329113924051643
0.026835443037971037
0.040379746835468765
0.13607594936706352
0.17253164556960132
0.27898734177213974
0.29544303797469224
0.32189873417718534
0.2783544303797472
0.35481012658225564
0.3112658227847828
0.28772151898733
0.3341772151898431
0.290632911392405
0.3470886075949281
0.4735443037974518
0.6600000000000008
0.6664556962025087
0.6129113924050605
0.6293670886075783
0.8358227848101126
0.8022784810126499
0.9587341772151688
1.035189873417712
1.2316455696202362
1.2581012658227642
1.2145569620252912
1.3010126582278096
1.3874683544303628
1.8639240506328896
2.110379746835429
2.3368354430379488
3.213291139240494
